1697320153.8710055
1697320153.9714668
1697320154.0717292
1697320154.1721137
1697320154.272562
1697320154.3730042
1697320154.4735563
1697320154.5740185
1697320154.6744597
1697320154.77493
1697320154.8754065
1697320154.9760065
1697320155.0766222
1697320155.1773045
1697320155.2776666
1697320155.378033
1697320155.478462
1697320155.5791135
1697320155.6795166
1697320155.7799082
1697320155.8803763
1697320155.9808428
1697320156.081234
1697320156.1815736
1697320156.2819502
1697320156.382404
1697320156.482811
1697320156.5831997
1697320156.6836038
1697320156.784066
1697320156.8845832
1697320156.9852295
1697320157.085719
1697320157.186149
1697320157.2868223
1697320157.3874369
1697320157.487975
1697320157.5885472
1697320157.689593
1697320157.790196
1697320157.8907518
1697320157.9913216
1697320158.0920177
1697320158.1925
1697320158.2928617
1697320158.3933077
1697320158.4937594
1697320158.5941262
1697320158.6944897
1697320158.7948425
1697320158.8952043
1697320158.995659
1697320159.0961037
1697320159.1965303
1697320159.2969701
1697320159.3973355
1697320159.4979444
1697320159.5985003
1697320159.6990192
1697320159.7995296
1697320159.9000075
1697320160.000495
1697320160.1008983
1697320160.201255
1697320160.3016808
1697320160.4022584
1697320160.502686
1697320160.6031048
1697320160.7035267
1697320160.8040495
1697320160.90463
1697320161.0052066
1697320161.105782
1697320161.20636
1697320161.3069232
1697320161.4075007
1697320161.5080762
1697320161.6086347
1697320161.7092252
1697320161.809813
