0
0.10049319267272949
0.20090293884277344
0.301253080368042
0.40163373947143555
0.501941442489624
0.602344274520874
0.7026889324188232
0.8031013011932373
0.9036626815795898
1.0043506622314453
1.1048076152801514
1.2053425312042236
1.305797815322876
1.4066095352172852
1.5072932243347168
1.6079905033111572
1.7085328102111816
1.8091135025024414
1.909599781036377
2.009995698928833
2.1105213165283203
2.211057186126709
2.3118579387664795
2.412609815597534
2.513202428817749
2.613757610321045
2.7144691944122314
2.814997434616089
2.9154231548309326
3.015918254852295
3.1163694858551025
3.2168428897857666
3.3174238204956055
3.4178359508514404
3.5181758403778076
3.6186790466308594
3.719299793243408
3.8200178146362305
3.920531749725342
4.020998954772949
4.121490240097046
4.221902132034302
4.322209119796753
4.4226696491241455
4.523123502731323
4.6236491203308105
4.724312782287598
4.824827194213867
4.925384044647217
5.025923252105713
5.126471281051636
5.227123975753784
5.327835559844971
5.428322792053223
5.5287230014801025
5.629265785217285
5.729785203933716
5.8303985595703125
5.930861949920654
6.031540155410767
6.132174491882324
6.232698202133179
6.333126544952393
6.433558940887451
6.533998727798462
6.63444447517395
6.734913110733032
6.835423231124878
6.935838937759399
7.036367416381836
7.136770725250244
7.237262964248657
7.337794780731201
7.438293695449829
7.538811922073364
7.639353513717651
7.739853620529175
7.840350866317749
7.940853118896484
8.041378498077393
8.141889810562134
8.24238657951355
8.342804193496704
8.443305492401123
8.543807744979858
8.644322872161865
8.744817018508911
8.845312118530273
8.945818901062012
9.046321153640747
9.146832704544067
9.247334480285645
9.347871541976929
9.44839596748352
9.548896551132202
9.64944863319397
9.749953031539917
9.850502729415894
9.9510657787323
10.051572322845459
